1522283885      1      1      7     10      0
1522283922      2      2      6     10      0
1522283923      3      3      6     10      0
1522283923      4      4      6     10      0
1522283956      5      5      5     10      0
1522283956      6      6      5     10      0
1522283957      7      7      5     10      0
1522283957      8      8      5     10      0
1522283959      9      9      5     10      0
1522283960     10     10      5     10      0
1522283960     11     11      5     14     17
1522283961     12     12      5     15      5
1522283962     13     13      5     15      7
1522283962     14     14      5     15      5
1522283963     15     15      5     15      5
1522283964     16     16      5     15     13
1522283965     17     17      5     15      5
1522283965     18     18      5     15      7
1522283966     19     19      5     15      3
1522283966     20     20      5     15     13
1522283967     21     21      5     15      7
1522283968     22     22      5     15      5
1522283969     23     23      5     15      5
1522283969     24     24      5     15      3
1522283970     25     25      5     15      7
1522283970     26     26      5     15      5
1522283971     27     27      5     15      7
1522283972     28     28      5     15     12
1522283973     29     29      5     15      4
1522283973     30     30      5     15      5
1522283974     31     31      5     15      4
1522283975     32     32      5     15     14
1522283975     33     33      5     15      8
1522283976     34     34      5     15      5
1522283977     35     35      5     15      5
1522283977     36     36      5     15     13
1522283978     37     37      5     15      7
1522283979     38     38      5     15      5
1522283980     39     39      5     15      8
1522283980     40     40      5     15      3
1522283981     41     41      5     15      2
1522283982     42     42      5     15      7
1522283983     43     43      5     15      2
1522283983     44     44      5     15     14
1522283985     45     45      5     15      5
1522283985     46     46      5     15      9
1522283985     47     47      5     15      2
1522283986     48     48      5     15      9
1522283986     49     49      5     15      6
1522283991     50     50      5     15      5
1522283992     51     51      5     15      0
1522283992     52     52      5     15      0
1522283993     53     53      5     15      0
1522283993     54     54      5     15      1
1522284027     55     55     10     15      0
1522284028     56     56     10     15      0
1522284029     57     57     10     15      0
1522284029     58     58     10     15      0
1522284030     59     59     10     15      0
1522284063     60     60     10     15      0
1522284063     61     61     10     15      0
1522284064     62     62     10     15      0
1522284064     63     63     10     15      0
1522284064     64     64     10     15      0
1522284065     65     65     10     15      0
1522284101     66     66      8     15      0
1522284101     67     67      8     15      0
1522284102     68     68      8     15      0
1522284102     69     69      8     15      0
1522284103     70     70      8     15      0
1522284103     71     71      8     15      0
1522284104     72     72      8     15      0
1522284138     73     73     13     15      0
1522284138     74     74     13     15      0
1522284139     75     75     13     15      0
1522284139     76     76     13     15      0
1522284139     77     77     13     15      0
1522284140     78     78     13     15      0
1522284140     79     79     13     15      0
1522284141     80     80     13     15      0
1522284141     81     81     13     15      0
1522284174     82     82     13     15      0
1522284175     83     83     13     15      0
1522284175     84     84     13     15      0
1522284176     85     85     13     15      0
1522284176     86     86     13     15      0
1522284177     87     87     13     15      0
1522284177     88     88     13     15      0
1522284178     89     89     13     15      0
1522284178     90     90     13     15      0
1522284179     91     91     13     15      0
1522284212     92     92     11     15      0
1522284212     93     93     11     15      0
1522284213     94     94     11     15      0
1522284213     95     95     11     15      0
1522284214     96     96     11     15      0
1522284214     97     97     11     15      0
1522284215     98     98     11     15      0
1522284215     99     99     11     15      0
1522284216    100    100     11     15      0
1522284216    101    101     11     15      0
1522284216    102    102     11     15      0
1522284250    103    103     13     15      0
1522284250    104    104     13     15      0
1522284251    105    105     12     15      0
1522284251    106    106     12     15      0
1522284252    107    107     12     15      0
1522284252    108    108     12     15      0
1522284253    109    109     12     15      0
1522284253    110    110     12     15      0
1522284253    111    111     12     15      0
1522284254    112    112     12     15      0
1522284254    113    113     12     15      0
1522284255    114    114     12     15      0
1522284257    115    115     12     15      0
1522284258    116    116     12     15      4
1522284258    117    117     12     15      4
1522284259    118    118     12     15      3
1522284259    119    119     12     15      2
1522284259    120    120     12     15      4
1522284260    121    121     12     15      2
1522284260    122    122     12     15      1
1522284261    123    123     12     15      0
1522284261    124    124     12     15      5
1522284262    125    125     12     15      0
1522284262    126    126     12     15      0
1522284296    127    127     14     15      0
1522284296    128    128     14     15      0
1522284296    129    129     14     15      0
1522284297    130    130     14     15      0
1522284297    131    131     14     15      0
1522284298    132    132     14     15      0
1522284298    133    133     14     15      0
1522284299    134    134     14     15      0
1522284299    135    135     14     15      0
1522284300    136    136     14     15      0
1522284300    137    137     14     15      0
1522284301    138    138     14     15      0
1522284301    139    139     14     15      0
1522284334    140    140     13     15      0
1522284335    141    141     13     15      0
1522284336    142    142     13     15      0
1522284336    143    143     13     15      0
1522284337    144    144     13     15      0
1522284337    145    145     13     15      0
1522284338    146    146     13     15      0
1522284338    147    147     13     15      0
1522284339    148    148     13     15      0
1522284339    149    149     13     15      0
1522284340    150    150     13     15      0
1522284340    151    151     13     15      0
1522284374    152    152     15     15      0
1522284374    153    153     15     15      0
1522284375    154    154     15     15      0
1522284375    155    155     15     15      0
1522284376    156    156     15     15      0
1522284376    157    157     15     15      0
1522284376    158    158     15     15      0
1522284377    159    159     15     15      0
1522284377    160    160     15     15      0
1522284378    161    161     15     15      0
1522284378    162    162     15     15      0
1522284379    163    163     15     15      0
1522284379    164    164     15     15      0
1522284380    165    165     15     15      0
1522284414    166    166     15     15      0
1522284414    167    167     15     15      0
1522284415    168    168     15     15      0
1522284415    169    169     15     15      0
1522284416    170    170     15     15      0
1522284416    171    171     15     15      0
1522284417    172    172     15     15      0
1522284417    173    173     15     15      0
1522284418    174    174     15     15      0
1522284418    175    175     15     15      0
1522284418    176    176     15     15      0
1522284419    177    177     15     15      0
1522284419    178    178     15     15      0
1522284420    179    179     15     15      0
1522284420    180    180     15     15      0
1522284423    181    181     15     15      0
1522284423    182    182     15     15      4
1522284423    183    183     15     15     14
1522284424    184    184     15     15      4
1522284424    185    185     15     15      1
1522284425    186    186     15     15      4
1522284425    187    187     15     15      4
1522284426    188    188     15     15      2
1522284426    189    189     15     15      0
1522284427    190    190     15     15      5
1522284427    191    191     15     15      0
1522284427    192    192     15     15      1
1522284428    193    193     15     15      1
1522284428    194    194     15     15      1
1522284429    195    195     15     15      0
1522284432    196    196     15     15      0
1522284432    197    197     15     15      4
1522284433    198    198     15     15      2
1522284433    199    199     15     15      4
1522284434    200    200     15     15      2
1522284434    201    201     15     15      4
1522284435    202    202     15     15      3
1522284435    203    203     15     15      0
1522284436    204    204     15     15      1
1522284436    205    205     15     15      2
1522284437    206    206     15     15      1
1522284437    207    207     15     15      0
1522284438    208    208     15     15      0
1522284438    209    209     15     15      0
1522284438    210    210     15     15      0
1522284441    211    211     15     15      0
1522284441    212    212     15     15      4
1522284442    213    213     15     15      6
1522284442    214    214     15     15      4
1522284443    215    215     15     15      1
1522284443    216    216     15     15      5
1522284443    217    217     15     15      4
1522284444    218    218     15     15      3
1522284444    219    219     15     15      0
1522284445    220    220     15     15      1
1522284445    221    221     15     15      0
1522284446    222    222     15     15      2
1522284446    223    223     15     15      0
1522284447    224    224     15     15      0
1522284447    225    225     15     15      0
1522284450    226    226     15     15      0
1522284450    227    227     15     15      4
1522284450    228    228     15     15      6
1522284451    229    229     15     15      4
1522284451    230    230     15     15      1
1522284452    231    231     15     15      4
1522284452    232    232     15     15      3
1522284453    233    233     15     15      0
1522284453    234    234     15     15      1
1522284453    235    235     15     15      1
1522284454    236    236     15     15      0
1522284454    237    237     15     15      2
1522284456    238    238     15     15      0
1522284456    239    239     15     15      0
1522284456    240    240     15     15      0
1522284459    241    241     15     15      0
1522284459    242    242     15     15      4
1522284460    243    243     15     15      6
1522284460    244    244     15     15      5
1522284461    245    245     15     15      1
1522284461    246    246     15     15      3
1522284462    247    247     15     15      0
1522284462    248    248     15     15      2
1522284463    249    249     15     15      1
1522284463    250    250     15     15      1
1522284464    251    251     15     15      0
1522284464    252    252     15     15      1
1522284465    253    253     15     15      1
1522284465    254    254     15     15      0
1522284465    255    255     15     15      0
1522284468    256    256     15     15      0
1522284468    257    257     15     15      4
1522284469    258    258     15     15      7
1522284469    259    259     15     15      4
1522284469    260    260     15     15      2
1522284470    261    261     15     15      5
1522284471    262    262     15     15      0
1522284471    263    263     15     15      1
1522284472    264    264     15     15      1
1522284472    265    265     15     15      1
1522284473    266    266     15     15      0
1522284473    267    267     15     15      0
1522284474    268    268     15     15      1
1522284474    269    269     15     15      0
1522284475    270    270     15     15      0
1522284483    271    271     15     15      0
1522284483    272    272     15     15      4
1522284483    273    273     15     15      8
1522284484    274    274     15     15      3
1522284484    275    275     15     15      2
1522284485    276    276     15     15      5
1522284485    277    277     15     15      0
1522284486    278    278     15     15      3
1522284486    279    279     15     15      2
1522284486    280    280     15     15      1
1522284487    281    281     15     15      1
1522284487    282    282     15     15      1
1522284488    283    283     15     15      2
1522284488    284    284     15     15      0
1522284489    285    285     15     15      0
1522284491    286    286     15     15      0
1522284491    287    287     15     15      4
1522284492    288    288     15     15      6
1522284492    289    289     15     15      4
1522284493    290    290     15     15      2
1522284493    291    291     15     15      1
1522284496    292    292     15     15      2
1522284496    293    293     15     15      1
1522284497    294    294     15     15      0
1522284497    295    295     15     15      0
1522284498    296    296     15     15      0
1522284498    297    297     15     15      0
1522284498    298    298     15     15      1
1522284499    299    299     15     15      0
1522284499    300    300     15     15      0
1522284504    301    301     15     15      0
1522284504    302    302     15     15      0
1522284504    303    303     15     15      1
1522284505    304    304     15     15      1
1522284505    305    305     15     15      0
1522284506    306    306     15     15      0
1522284506    307    307     15     15      1
1522284506    308    308     15     15      0
1522284507    309    309     15     15      1
1522284507    310    310     15     15      0
1522284508    311    311     15     15      0
1522284508    312    312     15     15      0
1522284509    313    313     15     15      1
1522284509    314    314     15     15      0
1522284510    315    315     15     15      0
1522284512    316    316     15     15      0
1522284512    317    317     15     15      4
1522284513    318    318     15     15      5
1522284513    319    319     15     15      4
1522284514    320    320     15     15      1
1522284514    321    321     15     15      1
1522284515    322    322     15     15      3
1522284515    323    323     15     15      1
1522284516    324    324     15     15      3
1522284516    325    325     15     15      1
1522284516    326    326     15     15      0
1522284518    327    327     15     15      0
1522284518    328    328     15     15      1
1522284518    329    329     15     15      0
1522284519    330    330     15     15      0
1522284521    331    331     15     15      0
1522284522    332    332     15     15      4
1522284522    333    333     15     15      4
1522284524    334    334     15     15      5
1522284524    335    335     15     15      0
1522284525    336    336     15     15      0
1522284525    337    337     15     15      1
1522284526    338    338     15     15      1
1522284526    339    339     15     15      1
1522284526    340    340     15     15      1
1522284527    341    341     15     15      0
1522284527    342    342     15     15      0
1522284528    343    343     15     15      0
1522284528    344    344     15     15      1
1522284529    345    345     15     15      0
1522284531    346    346     15     15      0
1522284531    347    347     15     15      4
1522284532    348    348     15     15      5
1522284533    349    349     15     15      4
1522284533    350    350     15     15      1
1522284534    351    351     15     15      1
1522284534    352    352     15     15      1
1522284535    353    353     15     15      1
1522284535    354    354     15     15      1
1522284536    355    355     15     15      1
1522284536    356    356     15     15      1
1522284536    357    357     15     15      0
1522284537    358    358     15     15      0
1522284538    359    359     15     15      0
1522284538    360    360     15     15      0
1522284541    361    361     15     15      1
1522284544    362    362     15     15      4
1522284544    363    363     15     15      0
1522284545    364    364     15     15      0
1522284545    365    365     15     15      0
1522284546    366    366     15     15      0
1522284546    367    367     15     15      0
1522284547    368    368     15     15      0
1522284547    369    369     15     15      1
1522284547    370    370     15     15      0
1522284548    371    371     15     15      0
1522284548    372    372     15     15      0
1522284549    373    373     15     15      0
1522284549    374    374     15     15      0
1522284550    375    375     15     15      0
1522284553    376    376     15     15      0
1522284553    377    377     15     15      4
1522284554    378    378     15     15      2
1522284554    379    379     15     15      4
1522284554    380    380     15     15      1
1522284555    381    381     15     15      1
1522284555    382    382     15     15      2
1522284556    383    383     15     15      1
1522284556    384    384     15     15      2
1522284557    385    385     15     15      1
1522284557    386    386     15     15      1
1522284558    387    387     15     15      0
1522284558    388    388     15     15      0
1522284559    389    389     15     15      0
1522284559    390    390     15     15      0
1522284562    391    391     15     15      1
1522284562    392    392     15     15      4
1522284562    393    393     15     15      7
1522284563    394    394     15     15      1
1522284563    395    395     15     15      2
1522284565    396    396     15     15      1
1522284566    397    397     15     15      1
1522284566    398    398     15     15      0
1522284567    399    399     15     15      0
1522284567    400    400     15     15      0
1522284568    401    401     15     15      0
1522284568    402    402     15     15      0
1522284568    403    403     15     15      0
1522284569    404    404     15     15      0
1522284569    405    405     15     15      0
1522284572    406    406     15     15      0
1522284572    407    407     15     15      4
1522284572    408    408     15     15      9
1522284573    409    409     15     15      2
1522284574    410    410     15     15      1
1522284574    411    411     15     15      1
1522284575    412    412     15     15      0
1522284575    413    413     15     15      1
1522284576    414    414     15     15      1
1522284576    415    415     15     15      0
1522284577    416    416     15     15      0
1522284577    417    417     15     15      0
1522284578    418    418     15     15      0
1522284578    419    419     15     15      0
1522284580    420    420     15     15      0
1522284585    421    421     15     15      0
1522284585    422    422     15     15      1
1522284585    423    423     15     15      0
1522284586    424    424     15     15      0
1522284586    425    425     15     15      0
1522284587    426    426     15     15      0
1522284587    427    427     15     15      0
1522284588    428    428     15     15      0
1522284588    429    429     15     15      0
1522284589    430    430     15     15      0
1522284589    431    431     15     15      0
1522284590    432    432     15     15      0
1522284590    433    433     15     15      0
1522284590    434    434     15     15      0
1522284593    435    435     15     15      0
1522284594    436    436     15     15      4
1522284594    437    437     15     15      2
1522284595    438    438     15     15      1
1522284595    439    439     15     15      1
1522284596    440    440     15     15      1
1522284596    441    441     15     15      3
1522284596    442    442     15     15      1
1522284597    443    443     15     15      1
1522284597    444    444     15     15      1
1522284598    445    445     15     15      1
1522284602    446    446     15     15      0
1522284603    447    447     15     15      0
1522284604    448    448     15     15      0
1522284604    449    449     15     15      0
1522284607    450    450     15     15      0
1522284607    451    451     15     15      3
1522284608    452    452     15     15      3
1522284608    453    453     15     15      2
1522284609    454    454     15     15      2
1522284609    455    455     15     15      2
1522284610    456    456     15     15      2
1522284610    457    457     15     15      2
1522284610    458    458     15     15      2
1522284611    459    459     15     15      1
1522284611    460    460     15     15      1
1522284612    461    461     15     15      0
1522284612    462    462     15     15      0
1522284613    463    463     15     15      0
1522284613    464    464     15     15      0
1522284616    465    465     15     15      1
1522284616    466    466     15     15      4
1522284616    467    467     15     15      4
1522284617    468    468     15     15      2
1522284617    469    469     15     15      1
1522284618    470    470     15     15      1
1522284618    471    471     15     15      2
1522284619    472    472     15     15      1
1522284619    473    473     15     15      2
1522284620    474    474     15     15      1
1522284620    475    475     15     15      1
1522284621    476    476     15     15      0
1522284621    477    477     15     15      0
1522284622    478    478     15     15      0
1522284628    479    479     15     15      0
1522284631    480    480     15     15      0
1522284631    481    481     15     15      4
1522284631    482    482     15     15      7
1522284632    483    483     15     15      2
1522284632    484    484     15     15      2
1522284633    485    485     15     15      1
1522284633    486    486     15     15      6
1522284634    487    487     15     15      6
1522284634    488    488     15     15      3
1522284634    489    489     15     15      3
1522284635    490    490     15     15      1
1522284635    491    491     15     15      1
1522284636    492    492     15     15      0
1522284636    493    493     15     15      0
1522284637    494    494     15     15      1
1522284639    495    495     15     15      1
1522284639    496    496     15     15      4
1522284640    497    497     15     15      6
1522284640    498    498     15     15      2
1522284641    499    499     15     15      1
1522284641    500    500     15     15      1
1522284642    501    501     15     15      3
1522284642    502    502     15     15      2
1522284643    503    503     15     15      2
1522284643    504    504     15     15      1
1522284644    505    505     15     15      1
1522284646    506    506     15     15      0
1522284647    507    507     15     15      0
1522284647    508    508     15     15      0
1522284648    509    509     15     15      0
1522284652    510    510     15     15      0
1522284652    511    511     15     15      1
1522284653    512    512     15     15      0
1522284653    513    513     15     15      0
1522284654    514    514     15     15      0
1522284654    515    515     15     15      0
1522284654    516    516     15     15      0
1522284655    517    517     15     15      1
1522284655    518    518     15     15      0
1522284656    519    519     15     15      0
1522284656    520    520     15     15      0
1522284659    521    521     15     15      0
1522284659    522    522     15     15      4
1522284659    523    523     15     15      5
1522284660    524    524     15     15      2
1522284660    525    525     15     15      1
1522284661    526    526     15     15      1
1522284661    527    527     15     15      3
1522284662    528    528     15     15      2
1522284662    529    529     15     15      1
1522284663    530    530     15     15      2
1522284663    531    531     15     15      1
1522284664    532    532     15     15      0
1522284664    533    533     15     15      0
1522284668    534    534     15     15      1
1522284673    535    535     15     15      0
1522284676    536    536     15     15      0
1522284676    537    537     15     15      4
1522284676    538    538     15     15      5
1522284677    539    539     15     15      2
1522284677    540    540     15     15      2
1522284678    541    541     15     15      1
1522284678    542    542     15     15      3
1522284679    543    543     15     15      2
1522284679    544    544     15     15      2
1522284680    545    545     15     15      1
1522284680    546    546     15     15      1
1522284680    547    547     15     15      0
1522284681    548    548     15     15      0
1522284681    549    549     15     15      1
1522284682    550    550     15     15      0
1522284684    551    551     15     15      1
1522284685    552    552     15     15      4
1522284685    553    553     15     15      6
1522284685    554    554     15     15      2
1522284686    555    555     15     15      1
1522284686    556    556     15     15      1
1522284687    557    557     15     15      3
1522284687    558    558     15     15      2
1522284688    559    559     15     15      2
1522284688    560    560     15     15      2
1522284689    561    561     15     15      1
1522284689    562    562     15     15      0
1522284691    563    563     15     15      0
1522284692    564    564     15     15      0
1522284692    565    565     15     15      0
1522284699    566    566     15     15      0
1522284701    567    567     15     15      0
1522284701    568    568     15     15      0
1522284701    569    569     15     15      2
1522284702    570    570     15     15      6
1522284702    571    571     15     15      2
1522284703    572    572     15     15      2
1522284703    573    573     15     15      5
1522284704    574    574     15     15      3
1522284704    575    575     15     15      3
1522284705    576    576     15     15      1
1522284705    577    577     15     15      1
1522284706    578    578     15     15      1
1522284706    579    579     15     15      0
1522284706    580    580     15     15      1
1522284707    581    581     15     15      1
1522284710    582    582     15     15      1
1522284710    583    583     15     15      4
1522284710    584    584     15     15      5
1522284711    585    585     15     15      2
1522284711    586    586     15     15      2
1522284712    587    587     15     15      1
1522284712    588    588     15     15      2
1522284713    589    589     15     15      2
1522284713    590    590     15     15      1
1522284713    591    591     15     15      1
1522284714    592    592     15     15      1
1522284714    593    593     15     15      0
1522284717    594    594     15     15      0
1522284721    595    595     15     15      0
1522284721    596    596     15     15      0
1522284726    597    597     15     15      0
1522284726    598    598     15     15      3
1522284727    599    599     15     15      0
1522284727    600    600     15     15      2
1522284728    601    601     15     15      2
1522284728    602    602     15     15      2
1522284729    603    603     15     15      3
1522284729    604    604     15     15      2
1522284729    605    605     15     15      1
1522284730    606    606     15     15      1
1522284730    607    607     15     15      1
1522284731    608    608     15     15      1
1522284731    609    609     15     15      0
1522284732    610    610     15     15      1
1522284732    611    611     15     15      0
1522284735    612    612     15     15      1
1522284735    613    613     15     15      4
1522284735    614    614     15     15      3
1522284736    615    615     15     15      2
1522284736    616    616     15     15      1
1522284737    617    617     15     15      1
1522284737    618    618     15     15      2
1522284738    619    619     15     15      2
1522284738    620    620     15     15      1
1522284739    621    621     15     15      2
1522284739    622    622     15     15      1
1522284739    623    623     15     15      1
1522284740    624    624     15     15      0
1522284741    625    625     15     15      0
1522284741    626    626     15     15      0
1522284749    627    627     15     15      1
1522284751    628    628     15     15      0
1522284751    629    629     15     15      0
1522284751    630    630     15     15      2
1522284752    631    631     15     15      4
1522284752    632    632     15     15      3
1522284753    633    633     15     15      2
1522284753    634    634     15     15      3
1522284754    635    635     15     15      2
1522284754    636    636     15     15      2
1522284755    637    637     15     15      1
1522284755    638    638     15     15      1
1522284756    639    639     15     15      1
1522284756    640    640     15     15      0
1522284756    641    641     15     15      1
1522284757    642    642     15     15      1
1522284760    643    643     15     15      1
1522284760    644    644     15     15      4
1522284760    645    645     15     15      4
1522284761    646    646     15     15      2
1522284761    647    647     15     15      1
1522284762    648    648     15     15      1
1522284762    649    649     15     15      2
1522284763    650    650     15     15      1
1522284763    651    651     15     15      1
1522284764    652    652     15     15      1
1522284764    653    653     15     15      0
1522284764    654    654     15     15      1
1522284766    655    655     15     15      0
1522284767    656    656     15     15      0
1522284767    657    657     15     15      0
1522284773    658    658     15     15      0
1522284775    659    659     15     15      0
1522284776    660    660     15     15      0
1522284776    661    661     15     15      2
1522284777    662    662     15     15      6
1522284777    663    663     15     15      3
1522284777    664    664     15     15      2
1522284778    665    665     15     15      4
1522284778    666    666     15     15      3
1522284779    667    667     15     15      2
1522284779    668    668     15     15      1
1522284780    669    669     15     15      1
1522284780    670    670     15     15      0
1522284781    671    671     15     15      1
1522284781    672    672     15     15      1
1522284781    673    673     15     15      1
1522284784    674    674     15     15      1
1522284784    675    675     15     15      4
1522284785    676    676     15     15      5
1522284785    677    677     15     15      1
1522284786    678    678     15     15      1
1522284786    679    679     15     15      1
1522284787    680    680     15     15      2
1522284787    681    681     15     15      1
1522284788    682    682     15     15      1
1522284788    683    683     15     15      1
1522284788    684    684     15     15      0
1522284789    685    685     15     15      0
1522284789    686    686     15     15      0
1522284790    687    687     15     15      0
1522284796    688    688     15     15      0
1522284800    689    689     15     15      0
1522284800    690    690     15     15      4
1522284800    691    691     15     15      6
1522284801    692    692     15     15      1
1522284801    693    693     15     15      2
1522284802    694    694     15     15      1
1522284802    695    695     15     15      2
1522284803    696    696     15     15      2
1522284803    697    697     15     15      1
1522284804    698    698     15     15      1
1522284804    699    699     15     15      1
1522284805    700    700     15     15      0
1522284805    701    701     15     15      1
1522284805    702    702     15     15      0
1522284806    703    703     15     15      0
1522284809    704    704     15     15      1
1522284809    705    705     15     15      4
1522284809    706    706     15     15      5
1522284810    707    707     15     15      2
1522284810    708    708     15     15      1
1522284810    709    709     15     15      1
1522284811    710    710     15     15      5
1522284811    711    711     15     15      2
1522284812    712    712     15     15      1
1522284812    713    713     15     15      1
1522284813    714    714     15     15      1
1522284813    715    715     15     15      0
1522284814    716    716     15     15      1
1522284815    717    717     15     15      1
1522284815    718    718     15     15      0
1522284824    719    719     15     15      1
1522284824    720    720     15     15      3
1522284825    721    721     15     15      0
1522284825    722    722     15     15      2
1522284825    723    723     15     15      2
1522284826    724    724     15     15      1
1522284826    725    725     15     15      2
1522284827    726    726     15     15      2
1522284827    727    727     15     15      1
1522284828    728    728     15     15      1
1522284828    729    729     15     15      0
1522284829    730    730     15     15      1
1522284829    731    731     15     15      1
1522284830    732    732     15     15      1
1522284830    733    733     15     15      0
1522284833    734    734     15     15      1
1522284833    735    735     15     15      4
1522284833    736    736     15     15      5
1522284834    737    737     15     15      2
1522284835    738    738     15     15      1
1522284835    739    739     15     15      1
1522284836    740    740     15     15      1
1522284836    741    741     15     15      1
1522284836    742    742     15     15      1
1522284837    743    743     15     15      1
1522284837    744    744     15     15      0
1522284838    745    745     15     15      0
1522284838    746    746     15     15      0
1522284840    747    747     15     15      0
1522284845    748    748     15     15      0
1522284849    749    749     15     15      0
1522284849    750    750     15     15      4
1522284849    751    751     15     15      1
1522284850    752    752     15     15      1
1522284850    753    753     15     15      2
1522284851    754    754     15     15      1
1522284851    755    755     15     15      7
1522284851    756    756     15     15      2
1522284852    757    757     15     15      2
1522284852    758    758     15     15      1
1522284853    759    759     15     15      0
1522284853    760    760     15     15      0
1522284854    761    761     15     15      1
1522284854    762    762     15     15      1
1522284855    763    763     15     15      0
1522284857    764    764     15     15      1
1522284857    765    765     15     15      4
1522284858    766    766     15     15      6
1522284859    767    767     15     15      2
1522284859    768    768     15     15      1
1522284860    769    769     15     15      1
1522284860    770    770     15     15      2
1522284861    771    771     15     15      1
1522284861    772    772     15     15      1
1522284861    773    773     15     15      0
1522284862    774    774     15     15      0
1522284862    775    775     15     15      1
1522284863    776    776     15     15      1
1522284864    777    777     15     15      0
1522284865    778    778     15     15      0
1522284871    779    779     15     15      0
1522284873    780    780     15     15      0
1522284874    781    781     15     15      0
1522284874    782    782     15     15      2
1522284874    783    783     15     15      4
1522284875    784    784     15     15      2
1522284875    785    785     15     15      2
1522284876    786    786     15     15      4
1522284876    787    787     15     15      2
1522284876    788    788     15     15      1
1522284877    789    789     15     15      1
1522284877    790    790     15     15      1
1522284878    791    791     15     15      1
1522284878    792    792     15     15      1
1522284879    793    793     15     15      1
1522284879    794    794     15     15      0
1522284882    795    795     15     15      1
1522284882    796    796     15     15      4
1522284882    797    797     15     15      7
1522284883    798    798     15     15      2
1522284883    799    799     15     15      1
1522284884    800    800     15     15      2
1522284885    801    801     15     15      3
1522284885    802    802     15     15      1
1522284886    803    803     15     15      0
1522284886    804    804     15     15      1
1522284886    805    805     15     15      0
1522284887    806    806     15     15      0
1522284888    807    807     15     15      1
1522284889    808    808     15     15      0
1522284889    809    809     15     15      0
1522284897    810    810     15     15      0
1522284897    811    811     15     15      0
1522284898    812    812     15     15      2
1522284898    813    813     15     15      2
1522284899    814    814     15     15      2
1522284899    815    815     15     15      2
1522284900    816    816     15     15      3
1522284900    817    817     15     15      2
1522284900    818    818     15     15      1
1522284901    819    819     15     15      1
1522284901    820    820     15     15      1
1522284902    821    821     15     15      1
1522284902    822    822     15     15      1
1522284903    823    823     15     15      1
1522284903    824    824     15     15      0
1522284906    825    825     15     15      1
1522284906    826    826     15     15      4
1522284906    827    827     15     15      4
1522284907    828    828     15     15      2
1522284907    829    829     15     15      1
1522284908    830    830     15     15      1
1522284908    831    831     15     15      2
1522284909    832    832     15     15      2
1522284909    833    833     15     15      1
1522284910    834    834     15     15      1
1522284910    835    835     15     15      1
1522284912    836    836     15     15      1
1522284913    837    837     15     15      0
1522284913    838    838     15     15      0
1522284913    839    839     15     15      0
1522284919    840    840     15     15      0
1522284919    841    841     15     15      0
1522284920    842    842     15     15      0
1522284921    843    843     15     15      2
1522284922    844    844     15     15      1
1522284922    845    845     15     15      4
1522284923    846    846     15     15      5
1522284923    847    847     15     15      2
1522284924    848    848     15     15      2
1522284924    849    849     15     15      4
1522284925    850    850     15     15      2
1522284925    851    851     15     15      1
1522284925    852    852     15     15      1
1522284926    853    853     15     15      1
1522284926    854    854     15     15      1
1522284927    855    855     15     15      1
1522284927    856    856     15     15      1
1522284928    857    857     15     15      1
1522284928    858    858     15     15      1
1522284931    859    859     15     15      0
1522284931    860    860     15     15      4
1522284931    861    861     15     15      5
1522284932    862    862     15     15      1
1522284932    863    863     15     15      1
1522284933    864    864     15     15      1
1522284933    865    865     15     15      2
1522284934    866    866     15     15      1
1522284934    867    867     15     15      1
1522284936    868    868     15     15      1
1522284937    869    869     15     15      0
1522284937    870    870     15     15      0
1522284938    871    871     15     15      0
1522284938    872    872     15     15      0
1522284939    873    873     15     15      0
1522284943    874    874     15     15      0
1522284944    875    875     15     15      1
1522284945    876    876     15     15      3
1522284945    877    877     15     15      1
1522284946    878    878     15     15      2
1522284946    879    879     15     15      2
1522284946    880    880     15     15      3
1522284947    881    881     15     15      1
1522284947    882    882     15     15      1
1522284948    883    883     15     15      1
1522284948    884    884     15     15      1
1522284949    885    885     15     15      1
1522284949    886    886     15     15      1
1522284950    887    887     15     15      0
1522284950    888    888     15     15      0
1522284950    889    889     15     15      1
1522284954    890    890     15     15      0
1522284954    891    891     15     15      4
1522284954    892    892     15     15      1
1522284955    893    893     15     15      2
1522284955    894    894     15     15      1
1522284956    895    895     15     15      1
1522284956    896    896     15     15      2
1522284956    897    897     15     15      1
1522284957    898    898     15     15      1
1522284959    899    899     15     15      1
1522284963    900    900     15     15      0
1522284964    901    901     15     15      0
1522284964    902    902     15     15      0
1522284965    903    903     15     15      0
1522284965    904    904     15     15      0
1522284968    905    905     15     15      0
1522284968    906    906     15     15      4
1522284968    907    907     15     15      5
1522284969    908    908     15     15      2
1522284969    909    909     15     15      1
1522284970    910    910     15     15      1
1522284970    911    911     15     15      2
1522284971    912    912     15     15      1
1522284971    913    913     15     15      1
1522284971    914    914     15     15      1
1522284972    915    915     15     15      1
1522284972    916    916     15     15      1
1522284973    917    917     15     15      1
1522284973    918    918     15     15      1
1522284974    919    919     15     15      0
1522284977    920    920     15     15      1
1522284978    921    921     15     15      1
1522284978    922    922     15     15      2
1522284982    923    923     15     15      1
1522284985    924    924     15     15      0
1522284988    925    925     15     15      0
1522284988    926    926     15     15      4
1522284988    927    927     15     15      5
1522284989    928    928     15     15      2
1522284989    929    929     15     15      2
1522284989    930    930     15     15      2
1522284990    931    931     15     15      5
1522284990    932    932     15     15      1
1522284991    933    933     15     15      2
1522284991    934    934     15     15      1
1522284992    935    935     15     15      1
1522284992    936    936     15     15      1
1522284993    937    937     15     15      1
1522284993    938    938     15     15      1
1522284993    939    939     15     15      1
1522284996    940    940     15     15      1
1522284996    941    941     15     15      4
1522284997    942    942     15     15      3
1522284997    943    943     15     15      2
1522284998    944    944     15     15      2
1522284998    945    945     15     15      1
1522284998    946    946     15     15      2
1522284999    947    947     15     15      1
1522284999    948    948     15     15      1
1522285000    949    949     15     15      1
1522285000    950    950     15     15      1
1522285004    951    951     15     15      1
1522285005    952    952     15     15      0
1522285005    953    953     15     15      0
1522285006    954    954     15     15      0
1522285013    955    955     15     15      0
1522285013    956    956     15     15      0
1522285014    957    957     15     15      3
1522285014    958    958     15     15      2
1522285015    959    959     15     15      1
1522285015    960    960     15     15      1
1522285015    961    961     15     15      3
1522285016    962    962     15     15      1
1522285016    963    963     15     15      1
1522285017    964    964     15     15      1
1522285017    965    965     15     15      1
1522285018    966    966     15     15      1
1522285018    967    967     15     15      1
1522285019    968    968     15     15      1
1522285019    969    969     15     15      1
1522285022    970    970     15     15      1
1522285022    971    971     15     15      4
1522285022    972    972     15     15      5
1522285023    973    973     15     15      2
1522285023    974    974     15     15      2
1522285024    975    975     15     15      1
1522285024    976    976     15     15      2
1522285024    977    977     15     15      1
1522285025    978    978     15     15      1
1522285025    979    979     15     15      1
1522285026    980    980     15     15      1
1522285026    981    981     15     15      1
1522285027    982    982     15     15      1
1522285027    983    983     15     15      1
1522285033    984    984     15     15      0
1522285036    985    985     15     15      0
1522285037    986    986     15     15      1
1522285037    987    987     15     15      2
1522285038    988    988     15     15      1
1522285039    989    989     15     15      2
1522285040    990    990     15     15      1
1522285040    991    991     15     15      8
1522285040    992    992     15     15      4
1522285041    993    993     15     15      6
1522285041    994    994     15     15      5
1522285042    995    995     15     15      3
1522285042    996    996     15     15      0
1522285043    997    997     15     15      1
1522285043    998    998     15     15      1
1522285044    999    999     15     15      1
1522285044   1000   1000     15     15      1
